20 20
52 46 27 19 31 59 30 73 56 12 7 10 86 65 51 40 59 12 78 19 
78 15 50 37 88 17 47 71 29 27 31 88 82 53 0 56 94 27 66 11 
18 5 59 14 1 6 96 78 20 28 74 25 29 11 64 90 50 81 83 16 
40 85 40 89 73 50 52 75 19 89 46 0 74 21 0 14 55 39 3 61 
78 59 25 80 49 6 19 1 26 64 56 9 83 87 95 83 96 80 44 24 
85 34 66 11 25 45 27 18 90 5 33 69 21 59 55 9 96 91 67 43 
22 18 78 82 91 98 29 67 60 80 27 68 58 21 99 54 42 25 63 14 
60 55 56 78 76 9 13 49 76 34 66 25 8 17 50 80 46 89 17 31 
41 41 49 53 88 55 95 68 35 28 25 7 78 18 59 64 73 12 14 22 
86 72 94 49 61 90 7 33 52 73 15 69 55 12 23 9 16 11 85 57 
78 46 59 83 39 21 63 71 42 64 30 30 74 53 99 89 24 28 74 86 
35 2 56 39 50 69 84 78 66 74 6 58 52 32 7 79 65 9 46 71 
20 51 30 27 40 64 43 12 83 41 5 31 6 3 87 99 81 39 32 22 
81 68 12 41 9 26 37 48 22 25 23 72 79 47 77 15 7 34 4 89 
88 33 18 81 92 77 28 4 38 47 96 15 95 24 66 39 69 91 79 20 
35 27 22 47 27 20 31 41 49 31 65 54 92 97 25 58 46 31 47 10 
15 36 63 19 90 15 44 88 19 52 27 13 48 40 52 98 7 27 77 40 
92 30 23 6 23 17 28 36 36 14 93 68 73 75 85 37 71 20 63 21 
89 21 33 93 25 34 96 98 36 84 30 26 85 15 89 45 41 36 65 5 
53 82 21 68 79 59 39 93 94 60 90 68 73 33 43 6 14 53 18 80 
