20 20
72 1 40 58 82 52 5 9 22 92 87 75 47 39 32 65 27 91 94 95 
35 97 3 57 2 34 26 21 50 33 68 36 64 28 8 9 28 78 72 37 
42 97 90 60 95 89 5 50 94 77 79 33 56 48 26 50 86 7 30 70 
83 13 79 27 61 90 76 96 80 13 3 13 80 11 29 62 74 25 4 29 
46 18 79 46 43 96 94 11 36 97 87 48 54 79 92 77 26 52 2 22 
84 35 45 78 64 67 89 90 92 75 61 60 2 10 26 35 56 80 82 69 
25 56 32 76 5 35 83 14 99 44 23 15 54 78 4 83 3 67 90 4 
54 19 95 4 27 53 55 55 85 19 85 96 63 68 39 26 3 1 83 5 
5 64 71 92 57 17 34 85 16 81 56 91 90 85 16 4 63 75 35 19 
48 51 20 35 45 49 14 97 13 81 74 58 39 38 53 29 62 48 44 83 
67 4 46 96 63 85 14 1 33 4 74 31 60 27 23 71 4 15 6 45 
89 59 94 58 45 64 79 25 60 46 62 82 33 35 94 18 26 43 70 86 
2 68 16 86 62 15 14 63 90 14 27 15 53 3 64 93 48 33 59 37 
75 5 72 62 64 40 30 82 65 3 84 49 80 91 73 68 89 99 36 12 
62 58 64 47 53 29 28 62 11 37 74 44 24 32 41 42 63 14 59 40 
55 90 40 26 90 2 28 54 5 11 51 89 24 96 71 0 64 70 13 2 
78 36 44 87 17 51 90 15 71 53 53 95 36 6 45 58 0 55 2 44 
70 31 73 11 93 2 6 59 54 72 37 24 41 18 89 58 28 67 95 84 
42 49 19 11 45 44 56 61 19 40 84 61 5 23 3 66 28 90 62 0 
23 32 34 81 1 7 32 44 93 66 16 58 11 30 75 77 9 41 22 90 
